670
790
40
10
50
80
200
470
470
470
280
110
710
120
120
180
500
510
1030
500
500
500
30
540
530
460
480
70
530
590
680
510
580
500
40
40
240
260
610
620
490
490
50
40
20
410
440
570
650
570
750
450
1650
2730
150
2140
40
2020
2230
5970
2020
40
2020
2020
2020
280
2060
2060
40
150
10
40
2020
2420
780
1200
610
40
660
180
500
7920
170
470
640
610
1230
1480
220
1440
6540
200
200
1480
1450
1450
1440
1460
1440
1440
1440
1440
1440
1440
1440
1440
1440
1440
1440
1480
1440
1440
1450
1450
1440
1440
1440
1440
1440
1440
1650
1640
1640
1480
1520
1480
1510
1480
1520
1520
1540
1550
120
530
1570
1570
1530
1530
1570
320