7920
6540
5970
2730
2420
2230
2140
2060
2060
2020
2020
2020
2020
2020
2020
1650
1650
1640
1640
1480
1480
1480
1480
1460
1450
1450
1450
1450
1440
1440
1440
1440
1440
1440
1440
1440
1440
1440
1440
1440
1440
1440
1440
1440
1440
1440
1440
1440
1440
1230
1200
1030
790
780
750
710
680
670
660
650
640
620
610
610
610
590
580
570
570
540
530
530
510
510
500
500
500
500
500
500
490
490
480
470
470
470
470
460
450
440
410
280
280
260
240
220
200
200
200
180
180
170
150
150
120
120
110
80
70
50
50
40
40
40
40
40
40
40
40
40
30
20
10
10
